2 0.232660864978903 0.7971167369901547 0.2109704641350211 0.2684013127051101
2 0.277162447257384 0.6869432723863104 0.15625 0.21917487107360523
2 0.3051819620253165 0.6177918424753869 0.12921940928270045 0.18870135958743556
2 0.3206751054852321 0.5697374589779655 0.10350738396624475 0.15822784810126592
1 0.4825290084388186 0.7642991092358182 0.13185654008438807 0.22620721987810596
1 0.4690137130801688 0.659985935302391 0.1048259493670886 0.16994842944210026
1 0.4604430379746836 0.5931786216596343 0.08900316455696201 0.14650726676043124
1 0.45187236286919835 0.5462962962962963 0.07449894514767935 0.12775433661509605
0 0.5857067510548523 0.506446319737459 0.06526898734177221 0.0902484763244258
0 0.621308016877637 0.5474683544303798 0.08241033755274263 0.11837787154242845
0 0.6714135021097046 0.6043131739334272 0.10614451476793245 0.13830285982184717
0 0.7337157172995781 0.7015939990623535 0.09757383966244729 0.17580872011251758