2 0.27419567510548526 0.5773558368495078 0.1542721518987342 0.10548523206751047
2 0.2814477848101266 0.4578059071729958 0.14108649789029537 0.11720581340834513
2 0.2814477848101266 0.3605250820440694 0.13449367088607597 0.1359587435536803
2 0.28342563291139244 0.2749648382559775 0.12394514767932495 0.14533520862634786
1 0.4146228902953587 0.239803094233474 0.07383966244725736 0.11017346460384432
1 0.422863924050633 0.323019221753399 0.08109177215189872 0.10314111579934368
1 0.43407172995780596 0.42323019221753394 0.08900316455696201 0.09728082512892634
1 0.444949894514768 0.5369198312236287 0.09757383966244723 0.08556024378809195
0 0.5428533755274261 0.19057665260196907 0.06526898734177203 0.10079699953117673
0 0.5636207805907174 0.2726207219878106 0.07120253164556954 0.09845288326300983
0 0.5853771097046413 0.36697140178152843 0.0817510548523207 0.0972808251289264
0 0.6137262658227848 0.48593530239099875 0.09625527426160332 0.08438818565400852