2 0.2049709915611815 0.6160337552742617 0.20833333333333334 0.2461322081575246
2 0.2484836497890296 0.5345757149554619 0.15690928270042198 0.20979840600093771
2 0.2778217299578059 0.478902953586498 0.1285601265822785 0.1828410689170184
2 0.2952927215189874 0.43729488982653547 0.10680379746835446 0.16760431317393346
0 0.6621835443037974 0.5164088138771684 0.13119725738396634 0.15939990623534928
0 0.6058148734177214 0.4431551804969527 0.09361814345991562 0.1324425691514299
0 0.5712025316455697 0.4021331458040319 0.07713607594936706 0.11368963900609476
0 0.545820147679325 0.3722456633849039 0.06724683544303786 0.10079699953117677
1 0.42879746835443044 0.5802859821847165 0.1272415611814346 0.19338959212376938
1 0.4245121308016878 0.5041022034692921 0.10416666666666667 0.1582278481012658
1 0.42187500000000006 0.4513595874355369 0.08702531645569624 0.13947491795593067
1 0.4198971518987342 0.4109235818096578 0.0712025316455696 0.11720581340834507