0 0.5359309071729957 0.4589779653070793 0.14108649789029523 0.22503516174402255
0 0.5323048523206751 0.4460853258321614 0.09955168776371306 0.16408813877168318
0 0.5290084388185654 0.4390529770276606 0.07977320675105476 0.12189404594467888
0 0.5270305907172996 0.4355368026254102 0.06658755274261606 0.10782934833567748
1 0.2745253164556962 0.5404360056258791 0.12196729957805912 0.22855133614627293
1 0.333201476793249 0.5134786685419597 0.09427742616033755 0.17463666197843417
1 0.3678138185654009 0.4935536802625411 0.07383966244725736 0.14650726676043135
1 0.3915479957805908 0.4818330989217065 0.06460970464135023 0.12306610407876235
2 0.10344145569620257 0.5650492264416315 0.13976793248945144 0.27074542897327714
2 0.18552215189873422 0.5369198312236287 0.12196729957805903 0.22386310360993913
2 0.24287974683544308 0.5152367557430849 0.09955168776371306 0.17815283638068455