0 0.7099815400843882 0.47714486638537273 0.11207805907173002 0.16291608063759966
0 0.6325158227848102 0.4238162212845758 0.08768459915611816 0.13830285982184723
0 0.5824103375527426 0.3915846225972809 0.06526898734177221 0.1090014064697609
0 0.5477979957805907 0.3669714017815284 0.05933544303797464 0.0949367088607595
1 0.5049446202531646 0.5750117205813409 0.12921940928270031 0.20159399906235345
1 0.4706619198312237 0.5023441162681669 0.09889240506329114 0.17112048757618378
1 0.44791666666666674 0.4507735583684951 0.08372890295358648 0.14299109235818097
1 0.43044567510548526 0.4179559306141585 0.06988396624472575 0.12423816221284578
2 0.26562500000000006 0.6763947491795593 0.2188818565400844 0.35044538209095166
2 0.2824367088607595 0.5609470229723394 0.16547995780590716 0.22737927801218946
2 0.29265559071729963 0.49765588373183317 0.14899789029535868 0.20628223159868736
2 0.3018855485232068 0.4537037037037037 0.134493670886076 0.18166901078293488