0 0.16376582278481017 0.5914205344585092 0.1602056962025316 0.25316455696202533
0 0.25903217299578063 0.5076183778715425 0.10812236286919831 0.18401312705110176
0 0.3061708860759494 0.47362869198312235 0.0824103375527426 0.14416315049226447
0 0.3394646624472574 0.44549929676511957 0.06724683544303799 0.1183778715424285
1 0.523074894514768 0.7467182372245664 0.22877109704641338 0.3481012658227848
1 0.5049446202531646 0.6136896390060947 0.1476793248945147 0.22503516174402244
1 0.4943960970464135 0.5462962962962963 0.10812236286919823 0.17932489451476802
1 0.48780327004219415 0.506446319737459 0.08834388185654009 0.1629160806375996
2 0.6592167721518988 0.5445382090951711 0.1635021097046413 0.20393811533052045
2 0.6938291139240506 0.6048992030004688 0.18130274261603366 0.2566807313642757
2 0.7129483122362869 0.6945616502578528 0.14042721518987342 0.3352086263478669