0 0.30398094315245483 0.6654464542061442 0.02099483204134363 0.13565891472868216
0 0.37261789405684753 0.661498708010336 0.011304909560723431 0.13494114269308075
0 0.442062338501292 0.6607809359747345 0.019379844961240403 0.13637668676428372
0 0.5102955426356589 0.652885443583118 0.029069767441860486 0.1320700545506747
1 0.4854651162790698 0.5068188343382143 0.021398578811369497 0.14140109101349418
1 0.43176679586563305 0.5078954923916166 0.011708656330749297 0.13637668676428372
1 0.37887596899224807 0.5157909847832328 0.01009366925064595 0.1435544071202986
1 0.32356266149870805 0.5122021246052254 0.01736111111111107 0.13350559862187777
2 0.47052648578811374 0.39771748492678727 0.023013565891472847 0.157192075796727
2 0.42449935400516803 0.3987941429801895 0.01493863049095611 0.15790984783232845
2 0.3831153100775194 0.3998708010335918 0.017764857881136936 0.15432098765432106
2 0.3338582041343669 0.4056129773184037 0.02099483204134363 0.16293425208153892