2 0.3018855485232068 0.3447022972339428 0.0738396624472574 0.18635724331926862
2 0.34078322784810133 0.32067510548523204 0.06856540084388184 0.17112048757618373
2 0.37407700421940937 0.29664791373652133 0.06263185654008438 0.1488513830285982
2 0.4050632911392405 0.28375527426160335 0.06131329113924047 0.1511954992967651
1 0.3922072784810127 0.36404125644631974 0.0619725738396624 0.1523675574308486
1 0.4317642405063291 0.32536333802156586 0.059335443037974694 0.12892639474917952
1 0.4607726793248946 0.30543834974214723 0.0632911392405063 0.11954992967651198
0 0.5319752109704641 0.3722456633849039 0.08438818565400835 0.15471167369901553
0 0.5583465189873418 0.33122362869198313 0.0738396624472573 0.12892639474917958
0 0.5801028481012658 0.3007501172058134 0.06197257383966246 0.11251758087201122
0 0.5965849156118144 0.27203469292076893 0.06197257383966234 0.0996249413970933