2 0.16409546413502116 0.6230661040787624 0.21097046413502113 0.24378809188935766
2 0.2135416666666667 0.536333802156587 0.1608649789029536 0.20628223159868742
2 0.2481540084388186 0.4806610407876231 0.12856012658227853 0.18166901078293493
2 0.26958069620253167 0.44022503516174405 0.10812236286919831 0.15471167369901548
1 0.37836234177215194 0.5849742147210502 0.12658227848101267 0.18166901078293482
1 0.3839662447257384 0.506446319737459 0.09955168776371312 0.153539615564932
1 0.3902294303797469 0.4537037037037037 0.08702531645569624 0.13713080168776376
1 0.3931962025316456 0.4150257852789499 0.07186181434599158 0.11837787154242856
0 0.6127373417721519 0.5205110173464603 0.12196729957805902 0.15119549929676515
0 0.5712025316455697 0.45077355836849514 0.08900316455696196 0.12892639474917963
0 0.5398866033755274 0.40740740740740744 0.07647679324894506 0.10782934833567742
0 0.5210970464135021 0.37634786685419597 0.06263185654008432 0.0996249413970933