0 0.35858386075949367 0.5955227379278013 0.09625527426160338 0.20276605719643698
0 0.4139636075949368 0.5386779184247539 0.07647679324894519 0.15471167369901548
0 0.4482463080168777 0.4988279418659166 0.06592827004219413 0.12189404594467888
0 0.4729694092827004 0.47714486638537285 0.05867616033755277 0.10431317393342715
1 0.2023338607594937 0.6031411157993437 0.08306962025316453 0.1945616502578528
1 0.27716244725738404 0.5568448195030473 0.07845464135021102 0.16057196436943277
1 0.321334388185654 0.5228551336146273 0.0639504219409283 0.13009845288326305
1 0.36155063291139244 0.5 0.04812763713080166 0.11017346460384438
2 0.10508966244725743 0.5902484763244258 0.09691455696202529 0.2226910454758556
2 0.1812368143459916 0.553328645100797 0.08438818565400845 0.181669010782935
2 0.23496835443037978 0.525785278949836 0.07318037974683543 0.16643225503985004
2 0.2722178270042194 0.4970698546647915 0.0659282700421941 0.13713080168776381