2 0.20991561181434606 0.5861462728551337 0.1667985232067511 0.24261603375527427
2 0.2616693037974684 0.512892639474918 0.12526371308016881 0.21097046413502116
2 0.29628164556962033 0.45839193624003755 0.11405590717299582 0.17463666197843417
2 0.3239715189873419 0.41678387248007503 0.0942774261603376 0.1570557899671824
1 0.3941851265822785 0.5966947960618848 0.11998945147679324 0.20042194092827
1 0.4136339662447258 0.5123066104078763 0.09427742616033755 0.16291608063759971
1 0.4393459915611815 0.4091654946085326 0.06922468354430382 0.11603375527426155
0 0.5774657172995781 0.382794186591655 0.07515822784810121 0.10314111579934368
0 0.590321729957806 0.4238162212845758 0.08900316455696201 0.11251758087201127
0 0.6084520042194093 0.4847632442569152 0.11339662447257387 0.13361462728551343
0 0.6473496835443038 0.5750117205813409 0.1476793248945147 0.15471167369901542