0 0.6391086497890296 0.49531176746366623 0.12592299578059069 0.16408813877168313
0 0.5899920886075949 0.4331926863572434 0.09493670886075947 0.13595874355368034
0 0.5609836497890296 0.3927566807313643 0.07515822784810121 0.12072198781059534
0 0.5375791139240506 0.3599390529770277 0.06526898734177203 0.1043131739334271
1 0.4073707805907174 0.562119081106423 0.12790084388185652 0.18518518518518526
1 0.40967827004219415 0.48652133145804033 0.10218881856540082 0.16057196436943283
1 0.4083597046413503 0.4396390060947023 0.08241033755274263 0.13713080168776376
1 0.4100079113924051 0.4027191748710736 0.07647679324894513 0.12423816221284578
2 0.18782964135021102 0.5966947960618848 0.20833333333333334 0.23792780121894042
2 0.23463871308016881 0.5175808720112518 0.1608649789029536 0.2039381153305204
2 0.2636471518987342 0.46308016877637137 0.13185654008438824 0.18635724331926873
2 0.2827663502109705 0.4238162212845758 0.11603375527426163 0.15705578996718245