2 0.5319752109704641 0.4988279418659166 0.08438818565400835 0.2648851383028599
2 0.46110232067510554 0.5322315986872949 0.05735759493670886 0.2777777777777778
2 0.38363660337552746 0.5720815752461322 0.04483122362869197 0.28715424285044544
2 0.30254483122362874 0.5978668541959681 0.05142405063291141 0.2754336615096109
1 0.2791402953586498 0.39099859353023914 0.03230485232067511 0.17815283638068455
1 0.3457278481012659 0.36521331458040324 0.027030590717299557 0.17112048757618378
1 0.40967827004219415 0.34353023909985936 0.028349156118143468 0.1699484294421003
1 0.47000263713080176 0.32126113455227384 0.03560126582278477 0.1676043131739334
0 0.4281381856540085 0.17475386779184252 0.02175632911392409 0.1207219878105954
0 0.37473628691983124 0.18999062353492732 0.017800632911392413 0.1207219878105954
0 0.31869725738396626 0.2046413502109705 0.020437763713080176 0.11954992967651193