2 0.30847837552742624 0.5984528832630099 0.10548523206751058 0.3516174402250352
2 0.39451476793248946 0.5187529301453352 0.0969145569620253 0.3117674636661979
2 0.4713212025316456 0.459563994374121 0.10812236286919834 0.2988748241912799
2 0.5303270042194093 0.40916549460853263 0.11801160337552735 0.26371308016877637
1 0.22441983122362874 0.38689639006094706 0.06922468354430379 0.20042194092827012
1 0.30683016877637137 0.3417721518987342 0.05735759493670886 0.1781528363806845
1 0.36847310126582283 0.30719643694327237 0.05142405063291135 0.16526019690576652
1 0.4261603375527427 0.27379278012189406 0.052083333333333336 0.16174402250351616
0 0.243539029535865 0.20932958274730432 0.03889767932489452 0.13127051101734646
0 0.30122626582278483 0.18588842006563525 0.039556962025316444 0.12423816221284575
0 0.3526503164556962 0.16596343178621661 0.03691983122362874 0.11486169714017816
0 0.17398470464135024 0.2392170651664323 0.04483122362869197 0.1418190342240975