2 0.22639767932489457 0.5861462728551337 0.19185126582278483 0.2519924988279419
2 0.2692510548523207 0.5134786685419597 0.14702004219409287 0.21448663853727148
2 0.2929852320675106 0.46952648851383033 0.11801160337552744 0.18752930145335214
2 0.31408227848101267 0.4331926863572434 0.10746308016877638 0.15939990623534928
1 0.4393459915611815 0.5550867323019222 0.12856012658227844 0.18518518518518526
1 0.43868670886075956 0.4900375058602907 0.10350738396624468 0.15822784810126586
1 0.433742088607595 0.41268166901078296 0.07383966244725743 0.12541022034692925
0 0.6789952531645569 0.4906235349273324 0.13449367088607597 0.16643225503984999
0 0.6236155063291138 0.4302625410220347 0.09757383966244729 0.13244256915143002
0 0.5880142405063291 0.3968588842006564 0.07779535864978904 0.11486169714017817
0 0.5642800632911393 0.376347866854196 0.06592827004219408 0.1019690576652602