0 0.17991824894514774 0.5357477730895452 0.2650316455696203 0.2918424753867793
0 0.21551951476793252 0.3587669948429442 0.17932489451476794 0.2355836849507736
0 0.2313422995780591 0.26969057665260193 0.13317510548523206 0.19338959212376933
0 0.24287974683544308 0.20815752461322082 0.1048259493670886 0.1851851851851852
1 0.578125 0.5216830754805439 0.2070147679324894 0.28246601031411167
1 0.5065928270042195 0.3880684481950305 0.14438291139240497 0.24730426629160812
1 0.46176160337552746 0.30368026254102204 0.11801160337552741 0.20979840600093763
1 0.43275316455696206 0.2491795593061416 0.10087025316455692 0.18752930145335206
2 0.5810917721518988 0.2550398499765588 0.1377900843881856 0.22737927801218938
2 0.6272415611814346 0.3001640881387717 0.1681170886075949 0.2355836849507736
2 0.6852584388185654 0.3845522737927802 0.19316983122362869 0.2871542428504455
2 0.7198707805907173 0.5099624941397093 0.12394514767932492 0.2988748241912799