2 0.7182225738396625 0.7267932489451479 0.12856012658227853 0.33638068448195035
2 0.6813027426160336 0.6002109704641351 0.20239978902953587 0.2801218940459447
2 0.6130669831223627 0.5281293952180028 0.15295358649789026 0.23675574308485706
2 0.566917194092827 0.48300515705579006 0.122626582278481 0.1933895921237694
1 0.5072521097046414 0.7080403187998126 0.20635548523206743 0.2894983591186122
1 0.46340981012658233 0.5843881856540085 0.1424050632911392 0.23206751054852326
1 0.44033491561181437 0.5076183778715425 0.11075949367088604 0.17463666197843417
1 0.4255010548523207 0.4619081106422879 0.08900316455696201 0.15588373183309895
0 0.1265163502109705 0.64943741209564 0.18723628691983119 0.28012189404594473
0 0.19145569620253167 0.5205110173464603 0.14833860759493667 0.19807782466010318
0 0.2336497890295359 0.45956399437412104 0.11010021097046417 0.155883731833099
0 0.2593618143459916 0.41971401781528367 0.0850474683544304 0.13009845288326305