2 0.265625 0.4847632442569152 0.16350210970464135 0.19221753398968594
2 0.28276635021097046 0.39978902953586504 0.1331751054852321 0.16526019690576663
2 0.29166666666666674 0.3370839193624004 0.11801160337552746 0.16643225503984999
2 0.2966112869198313 0.28844350679793723 0.1041666666666667 0.15822784810126583
1 0.4126450421940929 0.25210970464135024 0.06988396624472575 0.10431317393342712
1 0.42187500000000006 0.30543834974214723 0.07779535864978904 0.11954992967651198
1 0.42978639240506333 0.3605250820440694 0.0817510548523207 0.12658227848101267
1 0.44396097046413513 0.4413970932958275 0.09823312236286916 0.14299109235818097
0 0.5290084388185654 0.21050164088138773 0.05472046413502104 0.09142053445850915
0 0.5497758438818566 0.256797937177684 0.06724683544303793 0.10900140646976092
0 0.5764767932489451 0.3077824660103141 0.07186181434599147 0.11017346460384438
0 0.6127373417721519 0.3822081575246133 0.09427742616033755 0.1230661040787623