2 0.6420754219409283 0.33063759962494144 0.16218354430379744 0.21214252226910457
2 0.6839398734177214 0.36814345991561187 0.19976265822784806 0.24730426629160812
2 0.6991033755274261 0.43260665729020165 0.1707542194092826 0.30590717299578063
2 0.7215189873417721 0.5263713080168777 0.12328586497890287 0.3832630098452883
1 0.5207674050632911 0.4519456165025786 0.2122890295358649 0.2742616033755275
1 0.5023074894514767 0.3751758087201126 0.1450421940928269 0.22386310360993913
1 0.48582542194092837 0.32008907641819034 0.11867088607594933 0.1793248945147679
1 0.48022151898734183 0.293131739334271 0.10218881856540082 0.153539615564932
0 0.3292457805907174 0.2304266291608064 0.05999472573839662 0.12892639474917952
0 0.2985891350210971 0.24976558837318333 0.0659282700421941 0.153539615564932
0 0.25210970464135024 0.27965307079231133 0.11669303797468356 0.19221753398968586
0 0.17728111814345998 0.3323956868260666 0.1740506329113924 0.25316455696202533