2 0.11464926160337559 0.6459212376933897 0.09757383966244725 0.21683075480543826
2 0.18519251054852326 0.5890764181903423 0.08834388185654006 0.18752930145335214
2 0.23529799578059077 0.5498124706985467 0.07383966244725743 0.155883731833099
2 0.277492088607595 0.5210970464135022 0.06724683544303804 0.14299109235818094
1 0.21090453586497893 0.6840131270511017 0.08834388185654009 0.17346460384435075
1 0.277162447257384 0.619549929676512 0.0705432489451477 0.1523675574308486
1 0.32627900843881863 0.5662212845757151 0.060654008438818546 0.1207219878105954
1 0.3618802742616034 0.5234411626816691 0.05933544303797464 0.12658227848101267
0 0.35792457805907174 0.7355836849507738 0.08570675105485233 0.19221753398968583
0 0.40967827004219415 0.6342006563525551 0.07318037974683543 0.1488513830285982
0 0.4459388185654009 0.5685654008438819 0.061313291139240535 0.1207219878105954
0 0.4660469409282701 0.5287154242850446 0.05933544303797464 0.106657290201594