2 0.18222573839662454 0.6207219878105954 0.12460443037974682 0.2601969057665261
2 0.2465058016877638 0.5879043600562588 0.09889240506329117 0.2039381153305204
2 0.2919963080168777 0.5615330520393812 0.08834388185654009 0.17229254571026723
2 0.3236418776371309 0.5445382090951711 0.07515822784810128 0.145335208626348
1 0.3345200421940929 0.6095874355368027 0.10746308016877636 0.20745428973277066
1 0.37902162447257387 0.572667604313174 0.08834388185654003 0.16408813877168313
1 0.40473364978902954 0.5451242381622129 0.07647679324894513 0.130098452883263
1 0.4238528481012659 0.5298874824191281 0.06856540084388184 0.1113455227379278
0 0.5695543248945147 0.5709095171120488 0.12526371308016865 0.20511017346460386
0 0.5629614978902955 0.536333802156587 0.09098101265822779 0.15236755743084865
0 0.5573575949367089 0.5082044069385842 0.07318037974683538 0.12423816221284584