2 0.16706223628691988 0.679324894514768 0.11537447257383965 0.27191748710736047
2 0.23859440928270045 0.6541256446319739 0.09757383966244726 0.20745428973277077
2 0.2814477848101266 0.6488513830285983 0.08043248945147685 0.213314580403188
2 0.3186972573839663 0.6236521331458041 0.07977320675105487 0.153539615564932
1 0.33155327004219415 0.6506094702297235 0.11207805907172995 0.2308954524144398
1 0.37770305907173 0.6289263947491796 0.09361814345991562 0.18284106891701823
1 0.4060522151898735 0.6172058134083451 0.07779535864978904 0.14533520862634783
1 0.4235232067510549 0.6037271448663855 0.06922468354430382 0.1207219878105954
0 0.5712025316455697 0.5750117205813409 0.12064873417721511 0.20159399906235345
0 0.5570279535864979 0.5703234880450071 0.09625527426160332 0.1523675574308486
0 0.555379746835443 0.5673933427097984 0.07186181434599147 0.1254102203469292
0 0.5504351265822786 0.5603609939052977 0.06065400843881843 0.1019690576652602