2 0.28935917721518994 0.6377168307548055 0.1463607594936709 0.05977496483825599
2 0.28111814345991565 0.510548523206751 0.1417457805907173 0.08907641819034227
2 0.2784810126582279 0.3974449132676981 0.13515295358649793 0.11368963900609476
2 0.2745253164556962 0.29254571026722925 0.1311972573839663 0.14299109235818094
1 0.4090189873417722 0.24624941397093295 0.07449894514767928 0.11134552273792778
1 0.422534282700422 0.34763244256915143 0.07911392405063289 0.08204406938584152
1 0.4357199367088608 0.46776840131270514 0.07911392405063289 0.06915142991092364
1 0.4489055907172997 0.589662447257384 0.08702531645569618 0.05508673230192219
0 0.5507647679324895 0.17592592592592593 0.07449894514767928 0.09493670886075953
0 0.5708728902953587 0.28727144866385373 0.07911392405063283 0.0925925925925926
0 0.5899920886075949 0.4050632911392405 0.08570675105485226 0.06797937177684017
0 0.6117484177215189 0.536333802156587 0.09361814345991562 0.04688232536333801