2 0.23002373417721522 0.4496015002344117 0.12262658227848104 0.22503516174402255
2 0.2830959915611815 0.3974449132676981 0.09559599156118145 0.20276605719643698
2 0.32430116033755285 0.35642287857477734 0.089662447257384 0.18166901078293482
2 0.3608913502109705 0.32887951242381624 0.07186181434599152 0.1570557899671824
0 0.5688950421940928 0.5275433661509611 0.13581223628691977 0.20042194092827006
0 0.5830696202531646 0.4355368026254103 0.11141877637130802 0.16877637130801695
0 0.5946070675105485 0.36755743084857007 0.10548523206751052 0.1406469760900141
0 0.6021888185654009 0.3224331926863573 0.07713607594936711 0.1183778715424285
1 0.3602320675105486 0.49648382559774973 0.09164029535864977 0.1945616502578529
1 0.40044831223628696 0.42557430848570094 0.07845464135021096 0.16291608063759966
1 0.4357199367088608 0.3792780121894046 0.0712025316455696 0.15705578996718234
1 0.4650580168776372 0.33766994842944215 0.05999472573839662 0.1488513830285982