0 0.4172600210970465 0.7590248476324426 0.19514767932489452 0.4641350210970464
0 0.25112078059071735 0.5328176277543366 0.20042194092827006 0.35864978902953587
0 0.16805116033755277 0.39978902953586504 0.18987341772151897 0.29653070792311303
0 0.11464926160337559 0.3095405532114393 0.16745780590717296 0.24730426629160804
1 0.6117484177215189 0.46425222691045476 0.12130801687763709 0.3223159868729489
1 0.4937368143459916 0.369901547116737 0.09625527426160332 0.28598218471636194
1 0.4044040084388186 0.31422878574777313 0.08372890295358648 0.2590248476324426
1 0.3388053797468355 0.2638302859821847 0.0817510548523207 0.23558368495077356
2 0.6809731012658228 0.3347398030942335 0.11867088607594939 0.33052039381153303
2 0.5863660337552742 0.28551336146272854 0.10087025316455692 0.2953586497890296
2 0.5128560126582279 0.24742147210501642 0.08834388185654003 0.26371308016877637