2 0.30715981012658233 0.6394749179559306 0.21756329113924053 0.37505860290670423
2 0.3022151898734178 0.5439521800281295 0.17075421940928273 0.28012189404594473
2 0.29957805907173 0.49765588373183317 0.13910864978902956 0.236755743084857
2 0.2976002109704642 0.4619081106422879 0.11801160337552746 0.1887013595874356
1 0.5395569620253164 0.532231598687295 0.12196729957805896 0.22386310360993913
1 0.48879219409282704 0.47714486638537285 0.09691455696202525 0.1769807782466011
1 0.4515427215189874 0.4408110642287858 0.0804324894514768 0.15822784810126592
1 0.4281381856540085 0.42205813408345055 0.06922468354430382 0.1277543366150961
0 0.7086629746835443 0.4302625410220347 0.08306962025316456 0.16291608063759966
0 0.6331751054852321 0.40564932020628225 0.07186181434599147 0.130098452883263
0 0.5787842827004219 0.376347866854196 0.05669831223628682 0.1113455227379278
0 0.53395305907173 0.3640412564463198 0.043512658227848056 0.10314111579934368