0 0.18387394514767938 0.7168307548054385 0.10152953586497886 0.2812939521800282
0 0.3355089662447258 0.7039381153305204 0.03164556962025315 0.27660571964369424
0 0.49077004219409287 0.6998359118612284 0.04680907172995781 0.27308954524144397
0 0.6417457805907173 0.696319737458978 0.10614451476793245 0.2777777777777778
1 0.5438422995780592 0.43143459915611826 0.051424050632911285 0.23089545241443984
1 0.265954641350211 0.43495077355836853 0.053401898734177215 0.2308954524144398
1 0.45187236286919835 0.43260665729020165 0.023074894514767942 0.23323956868260667
1 0.3602320675105486 0.4302625410220347 0.023074894514767942 0.21917487107360528
2 0.29694092827004226 0.2890295358649789 0.04549050632911396 0.2508204406938584
2 0.5049446202531647 0.2902015939990624 0.046149789029535884 0.25316455696202533
2 0.43703850210970463 0.28844350679793723 0.022415611814346016 0.24730426629160804
2 0.3707805907172997 0.2860993905297703 0.02175632911392409 0.24496015002344113