2 0.2257383966244726 0.47421472105016405 0.0810917721518987 0.20628223159868736
2 0.2827663502109705 0.4490154711673699 0.07779535864978909 0.19104547585560247
2 0.32825685654008446 0.4290904828879513 0.06988396624472569 0.1722925457102673
2 0.36847310126582283 0.406235349273324 0.06460970464135023 0.15002344116268168
0 0.4736286919831224 0.5123066104078762 0.1048259493670886 0.21683075480543837
0 0.523074894514768 0.46015002344116274 0.08241033755274252 0.18049695264885138
0 0.5599947257383967 0.42850445382090957 0.08109177215189867 0.15471167369901553
0 0.5810917721518988 0.3974449132676981 0.07581751054852326 0.13478668541959682
1 0.31111550632911394 0.5017580872011251 0.07911392405063294 0.20511017346460392
1 0.37506592827004226 0.46483825597749656 0.07120253164556965 0.16643225503985004
1 0.4192378691983123 0.4343647444913268 0.06856540084388184 0.1476793248945148
1 0.45187236286919835 0.412681669010783 0.06526898734177215 0.1394749179559307