0 0.6994330168776373 0.5416080637599625 0.12921940928270045 0.16057196436943283
0 0.6361418776371308 0.4619081106422879 0.09493670886075947 0.12775433661509616
0 0.5926292194092827 0.4109235818096578 0.0817510548523207 0.11720581340834507
0 0.5619725738396625 0.3704875761837787 0.06922468354430371 0.1043131739334271
1 0.47263976793248946 0.6177918424753869 0.13053797468354422 0.18166901078293482
1 0.4538502109704642 0.5216830754805439 0.09955168776371306 0.15588373183309895
1 0.44396097046413513 0.46015002344116274 0.0850474683544304 0.13830285982184723
1 0.4344013713080169 0.4156118143459916 0.06988396624472575 0.12423816221284584
2 0.3051819620253165 0.44901547116736995 0.11339662447257387 0.1676043131739335
2 0.24255010548523212 0.6576418190342241 0.20833333333333334 0.22151898734177208
2 0.27056962025316456 0.5562587904360058 0.1733913502109705 0.20393811533052045
2 0.29001845991561187 0.4906235349273324 0.13581223628691982 0.18284106891701835