2 0.2079377637130802 0.5445382090951711 0.13779008438818566 0.2367557430848571
2 0.26562500000000006 0.48652133145804044 0.11075949367088607 0.21448663853727154
2 0.3097969409282701 0.442569151429911 0.0949367088607595 0.1781528363806845
2 0.34078322784810133 0.4097515236755744 0.08306962025316456 0.16643225503985004
1 0.3542985232067511 0.572667604313174 0.10878164556962026 0.19924988279418665
1 0.39616297468354433 0.5029301453352086 0.08702531645569624 0.16760431317393346
1 0.4469277426160338 0.41443975621190815 0.07252109704641345 0.13830285982184723
0 0.5794435654008439 0.5978668541959682 0.1305379746835443 0.20745428973277077
0 0.5804324894514769 0.5052742616033756 0.11405590717299567 0.16057196436943277
0 0.5830696202531646 0.43202062822315995 0.0955959915611814 0.11017346460384443
0 0.5827399789029535 0.38572433192686356 0.07911392405063289 0.09024847632442569