2 0.2316719409282701 0.5961087669948429 0.1720727848101266 0.2414439756211908
2 0.2738660337552743 0.5328176277543367 0.1351529535864979 0.2039381153305205
2 0.29924841772151906 0.4882794186591656 0.10812236286919837 0.17580872011251764
2 0.3196861814345992 0.4566338490389124 0.0922995780590717 0.14767932489451482
1 0.4291271097046414 0.5720815752461322 0.11998945147679324 0.18635724331926862
1 0.4291271097046414 0.5111345522737928 0.0922995780590717 0.15119549929676515
1 0.43407172995780596 0.46601031411158 0.0758175105485232 0.12892639474917963
1 0.4347310126582279 0.43143459915611815 0.05999472573839662 0.1090014064697609
0 0.6575685654008439 0.5140646976090014 0.11273734177215194 0.16174402250351624
0 0.6094409282700421 0.459563994374121 0.08768459915611804 0.1300984528832631
0 0.5804324894514769 0.4249882794186592 0.06790611814345991 0.09845288326300992
0 0.5570279535864979 0.39861697140178154 0.059335443037974694 0.08556024378809189