2 0.23332525839793283 0.4569336778639104 0.042797157622738995 0.1794430089003733
2 0.2880329457364342 0.42929945449325296 0.04723837209302332 0.17298306057995974
2 0.33466569767441867 0.41279069767441867 0.04602713178294569 0.16724088429514794
2 0.3772609819121448 0.3977174849267873 0.04481589147286821 0.151449899511915
0 0.32780200258397935 0.5437840941716912 0.05571705426356589 0.20097616996841802
0 0.4148094315245478 0.49641113982199264 0.057735788113695105 0.1722652885443583
0 0.4826388888888889 0.46052253804191795 0.05935077519379845 0.14786103933390762
0 0.5405765503875969 0.4328883146712605 0.06298449612403101 0.1399655469422912
1 0.2652212532299742 0.4895923054837784 0.045219638242894045 0.1701119724375539
1 0.3889696382428941 0.4389893769738731 0.04239341085271325 0.14068331897789263
1 0.43963985788113696 0.4160206718346254 0.0492571059431525 0.12776342233706575
1 0.3326469638242894 0.45765144989951195 0.04521963824289408 0.15790984783232845