2 0.2036524261603376 0.7221050164088139 0.2096518987341772 0.30356305672761363
2 0.2560654008438819 0.6295124238162213 0.15361286919831227 0.23323956868260673
2 0.29166666666666674 0.5838021565869668 0.11933016877637134 0.19807782466010318
2 0.3173786919831224 0.546882325363338 0.10350738396624477 0.17112048757618384
1 0.4485759493670887 0.6951476793248945 0.1391086497890295 0.22855133614627282
1 0.44560917721518994 0.6066572902015941 0.11075949367088604 0.17815283638068455
1 0.44132383966244726 0.5550867323019222 0.08636603375527425 0.1476793248945148
1 0.4416534810126582 0.5187529301453352 0.06988396624472575 0.11720581340834507
0 0.7215189873417721 0.6207219878105954 0.12064873417721517 0.19690576652601974
0 0.655261075949367 0.546882325363338 0.10152953586497884 0.14299109235818097
0 0.610429852320675 0.5046882325363338 0.07383966244725736 0.11251758087201139
0 0.5797732067510549 0.47773089545241443 0.06658755274261606 0.09142053445850912