2 0.3239715189873418 0.3792780121894046 0.2221782700421941 0.38677918424753877
2 0.33682753164556967 0.41678387248007503 0.16350210970464138 0.28363806844819506
2 0.34605748945147685 0.4367088607594938 0.1265822784810126 0.22269104547585566
2 0.3480353375527427 0.44725738396624476 0.09889240506329114 0.1781528363806845
1 0.5955959915611814 0.3265353961556493 0.14570147679324882 0.26957337083919364
1 0.5385680379746834 0.369901547116737 0.1120780590717299 0.19221753398968588
1 0.5062631856540085 0.3956868260665729 0.08175105485232059 0.1476793248945148
1 0.48285864978902954 0.4185419596812002 0.07318037974683543 0.1160337552742616
0 0.7208597046413502 0.31129864041256444 0.07977320675105481 0.13830285982184712
0 0.6499868143459916 0.34763244256915143 0.06592827004219413 0.10782934833567742
0 0.6054852320675105 0.3786919831223629 0.052083333333333336 0.1019690576652602