2 0.1614583333333334 0.6213080168776371 0.21097046413502113 0.24496015002344118
2 0.21321202531645575 0.5351617440225036 0.16020569620253167 0.2062822315986873
2 0.2471650843881857 0.48300515705578995 0.1279008438818566 0.18166901078293488
2 0.2708992616033756 0.4396390060947023 0.11075949367088607 0.16526019690576657
1 0.3803401898734178 0.5826300984528833 0.1305379746835443 0.18635724331926862
1 0.38462552742616035 0.5058602906704173 0.0969145569620253 0.15471167369901548
1 0.3898997890295359 0.45194561650257853 0.08372890295358648 0.13361462728551338
1 0.3925369198312237 0.41326769807782465 0.07186181434599152 0.11251758087201127
0 0.6137262658227847 0.5199249882794187 0.11735232067510554 0.1523675574308486
0 0.568565400843882 0.44960150023441164 0.09164029535864972 0.12658227848101267
0 0.5398866033755274 0.406235349273324 0.07647679324894506 0.11017346460384432
0 0.5220859704641351 0.3757618377871542 0.06065400843881849 0.09845288326300987