0 0.6311972573839663 0.5123066104078763 0.123285864978903 0.16057196436943272
0 0.5820806962025317 0.4460853258321614 0.09493670886075947 0.13830285982184723
0 0.5520833333333334 0.4003750586029068 0.07449894514767923 0.11720581340834507
0 0.5299973628691983 0.3675574308485701 0.060654008438818546 0.09845288326300983
1 0.39583333333333337 0.5779418659165495 0.12987869198312238 0.1957337083919362
1 0.40044831223628696 0.4994139709329583 0.09955168776371306 0.16057196436943283
1 0.40209651898734183 0.4490154711673699 0.08175105485232065 0.13947491795593062
1 0.4024261603375528 0.41385372714486646 0.07054324894514767 0.12775433661509622
2 0.2738660337552743 0.4267463666197844 0.1021888185654009 0.14885138302859832
2 0.25639504219409287 0.47421472105016405 0.12921940928270043 0.18049695264885138
2 0.22606803797468358 0.5310595405532115 0.1648206751054852 0.21214252226910457
2 0.18222573839662454 0.6125175808720114 0.2195411392405063 0.2414439756211908