0 0.7047072784810127 0.3968588842006564 0.0698839662447258 0.15471167369901553
0 0.6246044303797469 0.3845522737927801 0.05472046413502104 0.1183778715424285
0 0.5665875527426161 0.3786919831223629 0.052083333333333336 0.106657290201594
0 0.523074894514768 0.3704875761837787 0.049446202531645514 0.08556024378809184
1 0.5646097046413502 0.489451476793249 0.10614451476793238 0.22737927801218952
1 0.5016482067510549 0.45604781997187066 0.08834388185654003 0.17698077824660108
1 0.4581355485232068 0.4361228316924519 0.0725210970464135 0.1465072667604313
1 0.4268196202531646 0.42381622128457574 0.061313291139240535 0.13361462728551338
2 0.35693565400843885 0.5884903891233005 0.21426687763713081 0.38560712611345527
2 0.32529008438818574 0.5298874824191281 0.16416139240506328 0.29653070792311303
2 0.30781909282700426 0.4900375058602907 0.13581223628691985 0.23792780121894053
2 0.29628164556962033 0.46308016877637137 0.11405590717299582 0.19573370839193632