2 0.14398734177215194 0.726207219878106 0.1760284810126582 0.27894983591186123
2 0.2158491561181435 0.6412330051570558 0.13383438818565405 0.22386310360993902
2 0.2626582278481013 0.5914205344585092 0.11141877637130802 0.19221753398968594
2 0.2943037974683545 0.5486404125644632 0.09559599156118145 0.16291608063759966
1 0.3490242616033756 0.7273792780121895 0.13383438818565405 0.22503516174402255
1 0.3823180379746836 0.6342006563525552 0.10284810126582282 0.17229254571026723
1 0.40044831223628696 0.5767698077824661 0.08372890295358648 0.14650726676043135
1 0.41165611814346 0.5322315986872949 0.07186181434599158 0.12072198781059545
0 0.5494462025316457 0.5046882325363338 0.06263185654008427 0.10314111579934378
0 0.5632911392405063 0.5421940928270044 0.08241033755274257 0.13361462728551338
0 0.5847178270042194 0.5984528832630099 0.09625527426160332 0.1617440225035162
0 0.623945147679325 0.6933895921237694 0.14306434599156112 0.2086263478668542