1 0.21486023206751056 0.38103609939052985 0.09229957805907173 0.3246601031411159
1 0.34045358649789037 0.3728316924519457 0.03230485232067508 0.3152836380684482
1 0.46637658227848106 0.3693155180496953 0.03626054852320675 0.31059540553211445
1 0.588673523206751 0.3646272855133615 0.09098101265822792 0.3059071729957806
0 0.5510944092827005 0.7426160337552743 0.11867088607594928 0.4500703234880449
0 0.2847441983122363 0.7566807313642757 0.08966244725738402 0.46882325363338023
0 0.7244857594936709 0.7267932489451476 0.11471518987341772 0.44421003281762766
0 0.09352950209684066 0.7630157055789968 0.1133511982865082 0.4721167369901547
2 0.27320675105485237 0.24390529770276606 0.07054324894514767 0.26840131270511014
2 0.3612209915611815 0.22984060009376467 0.046149789029535884 0.24261603375527427
2 0.44659810126582283 0.24273323956868262 0.025712025316455642 0.2590248476324426
2 0.5306566455696202 0.239803094233474 0.05669831223628682 0.2578527894983591