0 0.6565796413502109 0.553328645100797 0.1516350210970464 0.19807782466010312
0 0.6031777426160336 0.5099624941397093 0.10021097046413499 0.15588373183309892
0 0.5751582278481012 0.4818330989217065 0.08504746835443028 0.12541022034692925
0 0.5573575949367089 0.4619081106422879 0.06131329113924047 0.09962494139709335
1 0.3714398734177216 0.6183778715424286 0.13251582278481014 0.2273792780121894
1 0.3935258438818566 0.5627051101734647 0.10284810126582282 0.17463666197843417
1 0.40868934599156126 0.5281293952180028 0.08438818565400841 0.14533520862634788
1 0.41660073839662454 0.5035161744022504 0.07383966244725736 0.12423816221284584
2 0.1466244725738397 0.6470932958274731 0.1813027426160337 0.29887482419127986
2 0.21914556962025322 0.5873183309892172 0.1417457805907173 0.24261603375527427
2 0.266613924050633 0.5498124706985467 0.1153744725738397 0.19573370839193627
2 0.3005669831223629 0.5240271917487108 0.09889240506329114 0.16057196436943277