2 0.289029535864979 0.7449601500234412 0.15493143459915615 0.13127051101734644
2 0.29562236286919835 0.630098452883263 0.13910864978902954 0.12892639474917947
2 0.3097969409282701 0.5398499765588374 0.11207805907172995 0.12658227848101272
2 0.310785864978903 0.4671823722456634 0.1140559071729958 0.12189404594467898
1 0.4291271097046414 0.4413970932958275 0.06197257383966246 0.09376465072667613
1 0.43670886075949367 0.5111345522737929 0.0758175105485232 0.10196905766526025
1 0.4472573839662448 0.5978668541959682 0.08372890295358648 0.1019690576652602
1 0.46110232067510554 0.7097984060009378 0.09427742616033755 0.10079699953117677
0 0.5441719409282701 0.39861697140178154 0.0573575949367088 0.0785278949835912
0 0.5665875527426161 0.4630801687763713 0.06263185654008438 0.08321612751992499
0 0.5965849156118144 0.5416080637599625 0.07383966244725748 0.08321612751992499
0 0.6311972573839663 0.6511954992967652 0.08636603375527419 0.08673230192217526