2 0.3941851265822785 0.6095874355368027 0.16745780590717296 0.392639474917956
2 0.46472837552742624 0.5011720581340835 0.13317510548523206 0.31411157993436484
2 0.5243934599156118 0.4390529770276606 0.14833860759493664 0.2906704172526958
2 0.5623022151898734 0.38924050632911394 0.14240506329113925 0.2590248476324426
1 0.24617616033755277 0.42205813408345066 0.0916402953586498 0.22151898734177222
1 0.32430116033755285 0.3693155180496953 0.0804324894514768 0.20276605719643692
1 0.3813291139240507 0.3183309892170652 0.06526898734177215 0.1687763713080169
1 0.42978639240506333 0.28492733239568685 0.06856540084388184 0.1582278481012658
0 0.15156909282700426 0.2749648382559775 0.06460970464135017 0.15002344116268165
0 0.22507911392405067 0.24038912330051573 0.054720464135021095 0.13244256915142993
0 0.2873813291139241 0.21694796061884672 0.043512658227848146 0.11837787154242847
0 0.33616824894514774 0.1952648851383029 0.047468354430379736 0.11251758087201125