2 0.28935917721518994 0.6394749179559306 0.14372362869198316 0.06329113924050626
1 0.44890559071729963 0.5943506797937178 0.08966244725738394 0.052742616033755234
1 0.43506065400843885 0.4624941397093296 0.08702531645569624 0.06563525550867322
1 0.4212157172995781 0.35232067510548526 0.08175105485232065 0.09610876699484291
1 0.41165611814346 0.24156118143459915 0.07977320675105481 0.10665729020159398
2 0.2745253164556962 0.28727144866385373 0.12592299578059074 0.1277543366150961
2 0.2761735232067511 0.39803094233473985 0.1397679324894515 0.11954992967651193
2 0.28408491561181437 0.5152367557430848 0.13844936708860764 0.08907641819034227
0 0.5524129746835443 0.17651195499296768 0.07515822784810115 0.09845288326300987
0 0.5698839662447258 0.2849273323956869 0.0758175105485232 0.0761837787154243
0 0.588673523206751 0.406235349273324 0.08306962025316456 0.07032348804500707
0 0.6130669831223627 0.536333802156587 0.09098101265822779 0.058602906704172564