2 0.17958860759493678 0.5386779184247539 0.14965717299578057 0.3211439287388655
2 0.26958069620253167 0.5814580403187999 0.11339662447257383 0.33169245194561653
2 0.3628691983122363 0.6213080168776371 0.06526898734177215 0.3270042194092828
2 0.4696729957805908 0.6676043131739334 0.05999472573839662 0.33052039381153303
1 0.2682621308016878 0.29430379746835444 0.06329113924050633 0.20745428973277075
1 0.3463871308016878 0.3224331926863573 0.04153481012658228 0.20511017346460386
1 0.4245121308016878 0.3447022972339428 0.030327004219409304 0.21214252226910457
1 0.5092299578059072 0.3804500703234881 0.03889767932489452 0.22503516174402255
0 0.3308939873417722 0.13431786216596348 0.03164556962025315 0.04688232536333802
0 0.3968222573839663 0.1489685888420066 0.03428270042194092 0.07852789498359118
0 0.4643987341772152 0.16303328645100798 0.016482067510548502 0.09962494139709328