0 0.6938291139240506 0.37458977965307083 0.05603902953586489 0.12658227848101264
0 0.6176819620253164 0.37458977965307083 0.05537974683544308 0.11017346460384438
0 0.5576872362869199 0.3757618377871542 0.043512658227848056 0.10314111579934368
0 0.5145042194092827 0.382794186591655 0.04021624472573837 0.08204406938584152
1 0.5807621308016877 0.44139709329582755 0.08702531645569624 0.2109704641350212
1 0.5079113924050633 0.42850445382090957 0.06790611814345986 0.16643225503985004
1 0.46011339662447265 0.4244022503516175 0.06988396624472575 0.1418190342240975
1 0.42517141350210974 0.4191279887482419 0.06460970464135023 0.12423816221284578
2 0.3879219409282701 0.51699484294421 0.19316983122362869 0.40670417252695734
2 0.34704641350210974 0.49531176746366623 0.1628428270042194 0.3281762775433662
2 0.31638976793248946 0.4671823722456634 0.13449367088607594 0.2531645569620254
2 0.29858913502109713 0.4583919362400376 0.12130801687763715 0.20511017346460392