2 0.2293644514767933 0.4484294421003282 0.11339662447257387 0.22972339428035635
2 0.28408491561181437 0.399789029535865 0.09361814345991565 0.20042194092827006
2 0.32825685654008446 0.3517346460384435 0.08834388185654009 0.17229254571026723
2 0.3599024261603376 0.3318096577590248 0.07383966244725736 0.1629160806375996
1 0.3562763713080169 0.49120956399437415 0.09427742616033755 0.19104547585560247
1 0.4011075949367089 0.4273323956868261 0.09032172995780587 0.17815283638068455
1 0.4357199367088608 0.3757618377871542 0.06724683544303799 0.14767932489451482
1 0.46110232067510554 0.33825597749648384 0.06263185654008438 0.13361462728551338
0 0.566917194092827 0.5322315986872949 0.13053797468354417 0.20042194092827006
0 0.5814214135021097 0.4396390060947023 0.10416666666666667 0.15353961556493206
0 0.5939477848101264 0.3757618377871542 0.08834388185654009 0.1359587435536803
0 0.6021888185654009 0.3247773089545241 0.08241033755274252 0.1113455227379278