0 0.18090717299578066 0.4988279418659166 0.17998417721518986 0.3844350679793718
0 0.378032700421941 0.5855602437880919 0.10087025316455692 0.4406938584153774
0 0.6618539029535865 0.702766057196437 0.13449367088607597 0.520393811533052
1 0.5995516877637131 0.3909985935302392 0.05735759493670886 0.30707923112986407
1 0.4749472573839663 0.36345522737927805 0.05076476793248942 0.2824660103141116
1 0.36748417721518994 0.3411861228316925 0.05735759493670886 0.2777777777777778
1 0.27320675105485237 0.310126582278481 0.09164029535864984 0.24378809188935777
2 0.5916402953586498 0.2790670417252696 0.05208333333333321 0.2918424753867792
2 0.5082410337552743 0.26676043131739335 0.043512658227848056 0.2719174871073606
2 0.43736814345991565 0.24742147210501642 0.04285337552742613 0.2590248476324426
2 0.3612209915611815 0.2392170651664323 0.060654008438818546 0.25668073136427566