0 0.16442510548523212 0.48007501172058137 0.23931962025316456 0.2719174871073605
0 0.22310126582278483 0.33356774496015 0.16020569620253164 0.2156586966713549
0 0.24914293248945152 0.2444913267698078 0.12790084388185652 0.16643225503984999
0 0.2738660337552743 0.19526488513830284 0.10482594936708862 0.14767932489451477
2 0.7234968354430379 0.5322315986872949 0.11801160337552746 0.30121894045944686
2 0.6898734177215189 0.40506329113924056 0.17998417721518992 0.2789498359118613
2 0.6569092827004219 0.3259493670886076 0.18789556962025317 0.2566807313642757
2 0.6064741561181435 0.26851851851851855 0.14899789029535865 0.22386310360993902
1 0.5616429324894515 0.525785278949836 0.2096518987341772 0.2672292545710268
1 0.5059335443037976 0.38631036099390537 0.15229430379746833 0.2203469292076888
1 0.47494725738396626 0.30543834974214723 0.11933016877637131 0.1945616502578528
1 0.45319092827004226 0.25562587904360057 0.10350738396624475 0.1793248945147679