0 0.09355221518987347 0.7660571964369434 0.11471518987341768 0.45710267229254553
0 0.2804588607594937 0.7508204406938584 0.09295886075949372 0.45710267229254553
0 0.5464794303797469 0.7373417721518988 0.11075949367088599 0.44421003281762755
0 0.7208597046413502 0.7262072198781061 0.11933016877637131 0.43834974214721056
1 0.5909810126582279 0.3616971401781529 0.09164029535864972 0.30942334739803096
1 0.46868407172995785 0.36345522737927805 0.03823839662447253 0.30825128926394757
1 0.34309071729957813 0.3716596343178622 0.03230485232067508 0.3105954055321144
1 0.21321202531645572 0.3798640412564464 0.08768459915611816 0.32466010314111593
2 0.5299973628691983 0.2374589779653071 0.060654008438818546 0.2484763244256915
2 0.44462025316455706 0.24273323956868262 0.027030590717299616 0.26136896390060943
2 0.3575949367088608 0.23218471636193158 0.028349156118143468 0.24496015002344113
2 0.2728771097046414 0.24742147210501642 0.06988396624472575 0.27543366150961085