0 0.5744989451476793 0.5773558368495078 0.12592299578059063 0.21331458040318804
0 0.5309862869198312 0.5703234880450071 0.08900316455696189 0.15939990623534933
0 0.5072521097046414 0.5668073136427567 0.07054324894514762 0.12189404594467883
0 0.4937368143459916 0.566221284575715 0.060654008438818546 0.09962494139709324
1 0.2936445147679326 0.6740506329113924 0.1509757383966245 0.2590248476324426
1 0.3266086497890296 0.6441631504922646 0.10878164556962021 0.19690576652601974
1 0.3463871308016878 0.6248241912798875 0.08900316455696201 0.1488513830285982
1 0.3582542194092827 0.6101734646038444 0.0758175105485232 0.12892639474917958
2 0.0787183544303798 0.7349976558837319 0.09955168776371306 0.3715424285044538
2 0.12684599156118148 0.6875293014533521 0.15229430379746833 0.28598218471636194
2 0.18815928270042198 0.6611579934364746 0.12328586497890293 0.22620721987810596
2 0.22837552742616038 0.6429910923581811 0.10087025316455697 0.18284106891701823