2 0.2728771097046414 0.5 0.16350210970464135 0.16877637130801695
2 0.2824367088607595 0.4109235818096578 0.13383438818565402 0.1687763713080169
2 0.29232594936708867 0.34353023909985936 0.123285864978903 0.16291608063759966
2 0.29792985232067515 0.28492733239568685 0.10812236286919834 0.15588373183309895
1 0.411326476793249 0.2509376465072668 0.0725210970464135 0.11134552273792783
1 0.42319356540084396 0.3060243788091889 0.07779535864978898 0.1183778715424285
1 0.42945675105485237 0.3751758087201125 0.08504746835443033 0.1254102203469292
1 0.44231276371308015 0.4578059071729958 0.09757383966244723 0.12658227848101272
0 0.5323048523206751 0.2046413502109705 0.05603902953586495 0.09610876699484291
0 0.5534018987341772 0.2544538209095171 0.06395042194092818 0.1019690576652602
0 0.578454641350211 0.3171589310829817 0.07318037974683543 0.10548523206751058
0 0.6133966244725738 0.39451476793248946 0.08900316455696201 0.11486169714017812